FILE:i_99:9.txt 99 15
0 0 1  0 0 1  2 0 1  0 0 1  11 0 4  0 3 4  
2 0 1  0 0 1  4 0 1  0 0 1  19 0 4  0 3 4  
2 0 1  0 0 1  19 0 4  0 3 4  11 0 4  0 3 4  
4 0 1  0 0 1  7 0 1  0 0 1  15 0 2  0 1 2  
4 0 1  0 0 1  23 0 4  0 1 4  5 0 1  0 1 1  
7 0 1  0 0 1  10 0 1  0 0 1  21 0 2  0 1 2  
7 0 1  0 0 1  35 0 4  0 1 4  8 0 1  0 1 1  
10 0 1  0 0 1  13 0 1  0 0 1  27 0 2  0 1 2  
10 0 1  0 0 1  47 0 4  0 1 4  11 0 1  0 1 1  
13 0 1  0 0 1  16 0 1  0 0 1  33 0 2  0 1 2  
13 0 1  0 0 1  59 0 4  0 1 4  14 0 1  0 1 1  
16 0 1  0 0 1  19 0 1  0 0 1  39 0 2  0 1 2  
16 0 1  0 0 1  71 0 4  0 1 4  17 0 1  0 1 1  
19 0 1  0 0 1  22 0 1  0 0 1  45 0 2  0 1 2  
19 0 1  0 0 1  83 0 4  0 1 4  20 0 1  0 1 1  
22 0 1  0 0 1  25 0 1  0 0 1  51 0 2  0 1 2  
22 0 1  0 0 1  51 0 2  0 1 2  45 0 2  0 1 2  
25 0 1  0 0 1  29 0 1  0 0 1  221 0 8  0 3 8  
25 0 1  0 0 1  57 0 2  0 1 2  51 0 2  0 1 2  
29 0 1  0 0 1  33 0 1  0 0 1  253 0 8  0 3 8  
29 0 1  0 0 1  253 0 8  0 3 8  221 0 8  0 3 8  
23 0 4  0 1 4  15 0 2  0 1 2  27 0 4  0 5 4  
23 0 4  0 1 4  27 0 4  0 5 4  5 0 1  0 1 1  
35 0 4  0 1 4  21 0 2  0 1 2  39 0 4  0 5 4  
35 0 4  0 1 4  39 0 4  0 5 4  8 0 1  0 1 1  
47 0 4  0 1 4  27 0 2  0 1 2  51 0 4  0 5 4  
47 0 4  0 1 4  51 0 4  0 5 4  11 0 1  0 1 1  
59 0 4  0 1 4  33 0 2  0 1 2  63 0 4  0 5 4  
59 0 4  0 1 4  63 0 4  0 5 4  14 0 1  0 1 1  
71 0 4  0 1 4  39 0 2  0 1 2  75 0 4  0 5 4  
71 0 4  0 1 4  75 0 4  0 5 4  17 0 1  0 1 1  
83 0 4  0 1 4  45 0 2  0 1 2  87 0 4  0 5 4  
83 0 4  0 1 4  87 0 4  0 5 4  20 0 1  0 1 1  
221 0 8  0 3 8  253 0 8  0 3 8  121 0 4  0 3 4  
15 0 2  0 1 2  17 0 2  0 3 2  27 0 4  0 5 4  
21 0 2  0 1 2  23 0 2  0 3 2  39 0 4  0 5 4  
27 0 2  0 1 2  29 0 2  0 3 2  51 0 4  0 5 4  
33 0 2  0 1 2  35 0 2  0 3 2  63 0 4  0 5 4  
39 0 2  0 1 2  41 0 2  0 3 2  75 0 4  0 5 4  
45 0 2  0 1 2  49 0 2  0 1 2  87 0 4  0 5 4  
49 0 2  0 1 2  57 0 2  0 1 2  217 0 8  0 7 8  
49 0 2  0 1 2  217 0 8  0 7 8  185 0 8  0 7 8  
57 0 2  0 1 2  121 0 4  0 3 4  423 0 16  0 17 16  
11 0 4  0 3 4  19 0 4  0 3 4  11 0 2  0 3 2  
121 0 4  0 3 4  451 0 16  0 21 16  423 0 16  0 17 16  
185 0 8  0 7 8  217 0 8  0 7 8  103 0 4  0 5 4  
185 0 8  0 7 8  103 0 4  0 5 4  87 0 4  0 5 4  
5 0 1  0 1 1  17 0 2  0 3 2  11 0 2  0 3 2  
8 0 1  0 1 1  23 0 2  0 3 2  17 0 2  0 3 2  
11 0 1  0 1 1  51 0 4  0 5 4  12 0 1  0 2 1  
14 0 1  0 1 1  35 0 2  0 3 2  29 0 2  0 3 2  
17 0 1  0 1 1  41 0 2  0 3 2  35 0 2  0 3 2  
20 0 1  0 1 1  47 0 2  0 3 2  41 0 2  0 3 2  
423 0 16  0 17 16  451 0 16  0 21 16  195 0 8  0 13 8  
51 0 4  0 5 4  29 0 2  0 3 2  55 0 4  0 9 4  
51 0 4  0 5 4  55 0 4  0 9 4  12 0 1  0 2 1  
87 0 4  0 5 4  103 0 4  0 5 4  195 0 8  0 13 8  
451 0 16  0 21 16  209 0 8  0 15 8  195 0 8  0 13 8  
11 0 2  0 3 2  15 0 2  0 3 2  33 0 4  0 9 4  
15 0 2  0 3 2  19 0 2  0 3 2  41 0 4  0 9 4  
15 0 2  0 3 2  41 0 4  0 9 4  33 0 4  0 9 4  
19 0 2  0 3 2  23 0 2  0 3 2  49 0 4  0 9 4  
19 0 2  0 3 2  49 0 4  0 9 4  41 0 4  0 9 4  
29 0 2  0 3 2  33 0 2  0 3 2  55 0 4  0 9 4  
33 0 2  0 3 2  39 0 2  0 3 2  16 0 1  0 2 1  
33 0 2  0 3 2  63 0 4  0 9 4  55 0 4  0 9 4  
39 0 2  0 3 2  47 0 2  0 3 2  177 0 8  0 15 8  
39 0 2  0 3 2  177 0 8  0 15 8  173 0 8  0 19 8  
39 0 2  0 3 2  329 0 16  0 31 16  37 0 2  0 5 2  
39 0 2  0 3 2  19 0 1  0 2 1  16 0 1  0 2 1  
47 0 2  0 3 2  209 0 8  0 15 8  177 0 8  0 15 8  
177 0 8  0 15 8  193 0 8  0 15 8  171 0 8  0 21 8  
193 0 8  0 15 8  209 0 8  0 15 8  187 0 8  0 21 8  
193 0 8  0 15 8  187 0 8  0 21 8  171 0 8  0 21 8  
329 0 16  0 31 16  173 0 8  0 19 8  313 0 16  0 47 16  
329 0 16  0 31 16  313 0 16  0 47 16  37 0 2  0 5 2  
12 0 1  0 2 1  55 0 4  0 9 4  13 0 1  0 3 1  
16 0 1  0 2 1  19 0 1  0 2 1  31 0 2  0 5 2  
19 0 1  0 2 1  37 0 2  0 5 2  31 0 2  0 5 2  
33 0 4  0 9 4  41 0 4  0 9 4  11 0 1  0 3 1  
41 0 4  0 9 4  49 0 4  0 9 4  13 0 1  0 3 1  
41 0 4  0 9 4  13 0 1  0 3 1  11 0 1  0 3 1  
55 0 4  0 9 4  63 0 4  0 9 4  13 0 1  0 3 1  
63 0 4  0 9 4  15 0 1  0 3 1  13 0 1  0 3 1  
173 0 8  0 19 8  165 0 8  0 27 8  313 0 16  0 47 16  
31 0 2  0 5 2  37 0 2  0 5 2  15 0 1  0 3 1  
37 0 2  0 5 2  313 0 16  0 47 16  35 0 2  0 7 2  
37 0 2  0 5 2  35 0 2  0 7 2  67 0 4  0 11 4  
171 0 8  0 21 8  187 0 8  0 21 8  165 0 8  0 27 8  
67 0 4  0 11 4  35 0 2  0 7 2  63 0 4  0 15 4  
67 0 4  0 11 4  63 0 4  0 15 4  15 0 1  0 3 1  
313 0 16  0 47 16  165 0 8  0 27 8  297 0 16  0 63 16  
313 0 16  0 47 16  297 0 16  0 63 16  35 0 2  0 7 2  
11 0 1  0 3 1  13 0 1  0 3 1  55 0 4  0 15 4  
13 0 1  0 3 1  15 0 1  0 3 1  63 0 4  0 15 4  
13 0 1  0 3 1  63 0 4  0 15 4  55 0 4  0 15 4  
35 0 2  0 7 2  297 0 16  0 63 16  33 0 2  0 9 2  
35 0 2  0 7 2  33 0 2  0 9 2  63 0 4  0 15 4  
55 0 4  0 15 4  63 0 4  0 15 4  33 0 2  0 9 2  
