N44B 44 15
0 0 1  0 0 1  2 0 1  0 0 1  11 0 4  0 3 4  
2 0 1  0 0 1  4 0 1  0 0 1  19 0 4  0 3 4  
2 0 1  0 0 1  19 0 4  0 3 4  11 0 4  0 3 4  
4 0 1  0 0 1  6 0 1  0 0 1  27 0 4  0 3 4  
4 0 1  0 0 1  27 0 4  0 3 4  19 0 4  0 3 4  
6 0 1  0 0 1  8 0 1  0 0 1  35 0 4  0 3 4  
6 0 1  0 0 1  35 0 4  0 3 4  27 0 4  0 3 4  
8 0 1  0 0 1  12 0 1  0 0 1  85 0 8  0 3 8  
8 0 1  0 0 1  39 0 4  0 1 4  9 0 1  0 1 1  
12 0 1  0 0 1  16 0 1  0 0 1  117 0 8  0 3 8  
12 0 1  0 0 1  117 0 8  0 3 8  85 0 8  0 3 8  
16 0 1  0 0 1  20 0 1  0 0 1  149 0 8  0 3 8  
16 0 1  0 0 1  149 0 8  0 3 8  117 0 8  0 3 8  
20 0 1  0 0 1  22 0 1  0 0 1  77 0 4  0 3 4  
20 0 1  0 0 1  77 0 4  0 3 4  69 0 4  0 3 4  
39 0 4  0 1 4  23 0 2  0 1 2  43 0 4  0 5 4  
39 0 4  0 1 4  43 0 4  0 5 4  9 0 1  0 1 1  
85 0 8  0 3 8  117 0 8  0 3 8  53 0 4  0 3 4  
117 0 8  0 3 8  149 0 8  0 3 8  69 0 4  0 3 4  
117 0 8  0 3 8  69 0 4  0 3 4  53 0 4  0 3 4  
23 0 2  0 1 2  53 0 4  0 3 4  25 0 2  0 3 2  
23 0 2  0 1 2  25 0 2  0 3 2  43 0 4  0 5 4  
11 0 4  0 3 4  19 0 4  0 3 4  11 0 2  0 3 2  
19 0 4  0 3 4  27 0 4  0 3 4  15 0 2  0 3 2  
19 0 4  0 3 4  15 0 2  0 3 2  11 0 2  0 3 2  
27 0 4  0 3 4  35 0 4  0 3 4  19 0 2  0 3 2  
27 0 4  0 3 4  19 0 2  0 3 2  15 0 2  0 3 2  
53 0 4  0 3 4  61 0 4  0 3 4  25 0 2  0 3 2  
61 0 4  0 3 4  77 0 4  0 3 4  143 0 8  0 9 8  
61 0 4  0 3 4  143 0 8  0 9 8  111 0 8  0 9 8  
9 0 1  0 1 1  43 0 4  0 5 4  10 0 1  0 2 1  
111 0 8  0 9 8  143 0 8  0 9 8  33 0 2  0 3 2  
111 0 8  0 9 8  33 0 2  0 3 2  25 0 2  0 3 2  
43 0 4  0 5 4  25 0 2  0 3 2  47 0 4  0 9 4  
43 0 4  0 5 4  47 0 4  0 9 4  10 0 1  0 2 1  
11 0 2  0 3 2  15 0 2  0 3 2  33 0 4  0 9 4  
15 0 2  0 3 2  19 0 2  0 3 2  41 0 4  0 9 4  
15 0 2  0 3 2  41 0 4  0 9 4  33 0 4  0 9 4  
25 0 2  0 3 2  29 0 2  0 3 2  47 0 4  0 9 4  
29 0 2  0 3 2  33 0 2  0 3 2  55 0 4  0 9 4  
29 0 2  0 3 2  55 0 4  0 9 4  47 0 4  0 9 4  
10 0 1  0 2 1  47 0 4  0 9 4  11 0 1  0 3 1  
33 0 4  0 9 4  41 0 4  0 9 4  11 0 1  0 3 1  
47 0 4  0 9 4  55 0 4  0 9 4  11 0 1  0 3 1  
