T28 28 15
0 0 1  0 0 1  4 0 1  0 0 1  21 0 8  0 3 8  
0 0 1  0 0 1  21 0 8  0 3 8  17 0 8  0 7 8  
4 0 1  0 0 1  8 0 1  0 0 1  53 0 8  0 3 8  
4 0 1  0 0 1  53 0 8  0 3 8  21 0 8  0 3 8  
8 0 1  0 0 1  12 0 1  0 0 1  85 0 8  0 3 8  
8 0 1  0 0 1  85 0 8  0 3 8  53 0 8  0 3 8  
12 0 1  0 0 1  16 0 1  0 0 1  117 0 8  0 3 8  
12 0 1  0 0 1  117 0 8  0 3 8  85 0 8  0 3 8  
21 0 8  0 3 8  53 0 8  0 3 8  21 0 4  0 3 4  
21 0 8  0 3 8  21 0 4  0 3 4  19 0 4  0 5 4  
21 0 8  0 3 8  19 0 4  0 5 4  17 0 8  0 7 8  
53 0 8  0 3 8  85 0 8  0 3 8  37 0 4  0 3 4  
53 0 8  0 3 8  37 0 4  0 3 4  21 0 4  0 3 4  
85 0 8  0 3 8  117 0 8  0 3 8  53 0 4  0 3 4  
85 0 8  0 3 8  53 0 4  0 3 4  37 0 4  0 3 4  
21 0 4  0 3 4  37 0 4  0 3 4  63 0 8  0 9 8  
21 0 4  0 3 4  63 0 8  0 9 8  59 0 8  0 13 8  
21 0 4  0 3 4  101 0 16  0 19 16  17 0 4  0 7 4  
37 0 4  0 3 4  53 0 4  0 3 4  95 0 8  0 9 8  
37 0 4  0 3 4  95 0 8  0 9 8  63 0 8  0 9 8  
17 0 8  0 7 8  19 0 4  0 5 4  17 0 4  0 7 4  
63 0 8  0 9 8  79 0 8  0 9 8  57 0 8  0 15 8  
79 0 8  0 9 8  95 0 8  0 9 8  73 0 8  0 15 8  
79 0 8  0 9 8  73 0 8  0 15 8  57 0 8  0 15 8  
101 0 16  0 19 16  59 0 8  0 13 8  85 0 16  0 35 16  
101 0 16  0 19 16  85 0 16  0 35 16  17 0 4  0 7 4  
59 0 8  0 13 8  51 0 8  0 21 8  85 0 16  0 35 16  
57 0 8  0 15 8  73 0 8  0 15 8  51 0 8  0 21 8  
